Solution Parameters:
	dt_init = 0.004000
	end_time = 10.000000
	end_step = 10
	grid_x_min = 0.000000
	grid_y_min = 0.000000
	grid_x_max = 10.000000
	grid_y_max = 10.000000
	grid_x_cells = 2000
	grid_y_cells = 2000
	presteps = 30
	ppcg_inner_steps = 10
	eps_lim = 0.000010
	max_iters = 10000
	eps = 0.000000
	halo_depth = 2
	check_result = 1
	coefficient = 1
	num_chunks_per_rank = 1
	summary_frequency = 10
	
state 0
	density = 1.000000000000E+02
	energy= 1.000000000000E-04
	
state 1
	density = 1.000000000000E-01
	energy= 2.500000000000E+01
	x_min = 5.000000000000E-05
	y_min = 1.000050000000E+00
	x_max = 9.999500000000E-01
	y_max = 1.999950000000E+00
	radius = 2.551602992291E-203
	geometry = 0
	
state 2
	density = 1.000000000000E-01
	energy= 1.000000000000E-01
	x_min = 1.000050000000E+00
	y_min = 1.000050000000E+00
	x_max = 5.999950000000E+00
	y_max = 1.999950000000E+00
	radius = 8.289108804795E-317
	geometry = 0
	
state 3
	density = 1.000000000000E-01
	energy= 1.000000000000E-01
	x_min = 5.000050000000E+00
	y_min = 1.000050000000E+00
	x_max = 5.999950000000E+00
	y_max = 7.999950000000E+00
	radius = 5.443899434486E-238
	geometry = 0
	
state 4
	density = 1.000000000000E-01
	energy= 1.000000000000E-01
	x_min = 5.000050000000E+00
	y_min = 7.000050000000E+00
	x_max = 9.999950000000E+00
	y_max = 7.999950000000E+00
	radius = 6.520543647871E+303
	geometry = 0
TeaLeaf:
 - Ver.:     2.000
 - Deck:     tea.in
 - Out:      tea.out
 - Problem:  tea.problems
 - Solver:   CG
 - Profiler: false
Model:
 - Name:      Serial
 - Execution: Host
MPI:
 - Enabled:     true
 - Total ranks: 192
 - Header device-awareness (CUDA-awareness):  true
 - Runtime device-awareness (CUDA-awareness): false
 - Host-Device halo exchange staging buffer:  true
 - X buffer elements: 393216
 - Y buffer elements: 297216
 - X buffer size:     16 KB
 - Y buffer size:     12 KB
# ---- 
Output: |+1

 Timestep 1
 CG: 			2375 iterations
 Wallclock: 		4.768s
 Avg. time per cell: 	1.192048e-06
 Error: 		9.663879e-31

 Timestep 2
 CG: 			2295 iterations
 Wallclock: 		8.240s
 Avg. time per cell: 	2.059943e-06
 Error: 		9.901610e-31

 Timestep 3
 CG: 			2219 iterations
 Wallclock: 		11.024s
 Avg. time per cell: 	2.756088e-06
 Error: 		9.927459e-31

 Timestep 4
 CG: 			2142 iterations
 Wallclock: 		14.801s
 Avg. time per cell: 	3.700366e-06
 Error: 		9.816412e-31

 Timestep 5
 CG: 			2070 iterations
 Wallclock: 		18.813s
 Avg. time per cell: 	4.703254e-06
 Error: 		9.561229e-31

 Timestep 6
 CG: 			2001 iterations
 Wallclock: 		23.017s
 Avg. time per cell: 	5.754350e-06
 Error: 		9.777833e-31

 Timestep 7
 CG: 			1939 iterations
 Wallclock: 		27.628s
 Avg. time per cell: 	6.907067e-06
 Error: 		9.759224e-31

 Timestep 8
 CG: 			1875 iterations
 Wallclock: 		32.240s
 Avg. time per cell: 	8.059905e-06
 Error: 		9.471933e-31

 Timestep 9
 CG: 			1828 iterations
 Wallclock: 		36.738s
 Avg. time per cell: 	9.184410e-06
 Error: 		9.694708e-31

 Timestep 10
 CG: 			1784 iterations
 Wallclock: 		41.144s
 Avg. time per cell: 	1.028599e-05
 Error: 		9.976346e-31

 Checking results...
 Expected 9.605026999605091e+01
 Actual   9.605027000155803e+01
 This run PASSED (Difference is within 0.00000001%)
Result:
 - Problem: 2000x2000@10
 - Outcome: PASSED
